nqbh@msi:~/advanced_STEM_beyond/combinatorics/C++$ ./VNTA_Havel_Hakimi_alg 
1
22
14 13 12 11 10 9 9 9 9 9 9 9 9 8 8 8 7 6 5 4 3 2

-----------------------------
0

-----------------------------
nqbh@msi:~/advanced_STEM_beyond/combinatorics/C++$ ./VNTA_Havel_Hakimi_alg 
1
23
14 13 12 11 10 9 9 9 9 9 9 9 9 8 8 8 7 6 5 4 3 2 1

-----------------------------
14 13 12 11 10 9 9 9 9 9 9 9 9 8 8 8 7 6 5 4 3 2 1 
12 11 10 9 8 8 8 8 8 8 8 8 8 7 7 7 6 5 4 3 2 1 
10 9 8 7 7 7 7 7 7 7 7 7 7 7 7 6 5 4 3 2 1 
8 7 7 7 7 7 6 6 6 6 6 6 6 6 6 5 4 3 2 1 
6 6 6 6 6 6 6 6 6 6 6 5 5 5 5 4 3 2 1 
6 6 6 6 5 5 5 5 5 5 5 5 5 5 4 3 2 1 
5 5 5 5 5 5 5 5 5 5 4 4 4 4 3 2 1 
5 5 5 5 4 4 4 4 4 4 4 4 4 3 2 1 
4 4 4 4 4 4 4 4 4 4 3 3 3 2 1 
4 4 4 4 4 3 3 3 3 3 3 3 2 1 
3 3 3 3 3 3 3 3 3 3 3 2 1 
3 3 3 3 3 3 3 2 2 2 2 1 
3 3 3 2 2 2 2 2 2 2 1 
2 2 2 2 2 2 2 2 1 1 
2 2 2 2 2 1 1 1 1 
2 2 1 1 1 1 1 1 
1 1 1 1 1 1 0 
1 1 1 1 0 0 
1 1 0 0 0 
0 0 0 0 
1

-----------------------------